249,35
3,2
3,1
3,3
10,34
10,183
10,95
10,131
10,124
10,7
10,111
10,139
10,2
10,3
11,18
11,4
9,7
9,2
9,3
8,16
8,5
8,15
8,17
8,12
8,6
8,2
8,3
0,387
243,3
243,1
239,1
239,3
238,3
238,1
237,3
237,1
236,3
236,1
235,3
235,1
234,3
234,1
233,3
233,1
232,3
232,1
231,3
231,1
230,3
230,1
229,3
229,1
228,3
228,1
227,3
227,1
207,3
207,1
85,3
85,1
20,3
20,2
20,1
19,3
19,2
19,1
18,3
18,1
17,3
17,2
17,1
16,3
16,2
16,1
15,3
15,2
15,1
14,17
14,16
14,15
2,2
2,1
2,3
14,10
14,4
14,3
14,2
14,1
14,0
13,3
13,2
13,1
12,3
12,2
12,1
11,27
11,26
11,25
11,24
11,23
11,21
11,20
11,19
11,17
11,16
11,14
11,13
11,12
11,11
11,10
11,8
11,7
11,6
11,5
11,3
11,2
11,1
10,306
10,296
10,294
10,286
10,271
